0Start-->1515778940948
Stop<--1515778943948