0Start-->1514473390388
Stop<--1514473395390